13
7
7
13
11
6
7
4
4
4
10
13
11
13
5
9
5
11
6
6
4
6
4
10
6
9
7
9
7
11
11
11
10
13
13
13
13
11
6
5
6
4
10
10
4
7
6
11
13
9
13
13
6
13
4
7
7
9
6
11
13
11
8
6
6
7
8
13
13
13
4
7
6
13
4
13
4
8
14
6
10
7
11
10
9
11
13
13
8
14
13
10
10
14
14
8
13
11
13
10
9
9
11
6
5
13
10
9
5
13
9
8
7
13
9
9
6
10
9
11
14
10
6
11
11
5
8
9
13
14
8
11
8
11
13
13
10
5
9
14
10
11
4
8
6
10
13
11
5
6
13
7
13
6
5
6
14
13
11
5
11
14
13
8
11
14
7
10
13
13
14
14
7
7
9
8
7
7
11
13
13
4
7
10
13
7
13
13
5
7
7
13
10
13
11
13
6
13
9
13
8
13
13
6
9
9
11
4
7
11
9
13
8
9
14
13
5
4
11
10
9
6
9
11
9
9
5
11
10
7
7
7
11
10
6
9
10
11
7
10
8
6
8
11
6
10
8
9
13
7
13
13
9
5
13
4
9
13
8
7
10
13
13
7
13
10
11
9
9
7
10
13
8
13
10
9
11
10
6
10
13
6
13
4
13
13
8
13
7
7
13
10
7
11
13
4
10
14
13
4
10
9
7
13
5
11
13
9
10
10
13
8
7
9
11
10
10
9
4
11
13
7
13
13
14
9
13
6
13
9
8
4
11
13
10
13
9
9
13
11
14
4
11
13
13
13
13
10
13
13
9
11
10
10
6
7
11
14
13
13
7
11
8
9
14
8
11
11
13
13
4
13
10
7
14
13
13
9
10
6
11
13
10
13
4
13
13
10
13
10
13
9
10
13
7
10
6
11
13
13
6
13
10
14
13
8
8
4
11
11
9
11
11
13
13
6
11
13
13
13
10
9
9
6
13
9
13
11
9
11
11
10
13
9
8
5
10
8
7
9
11
13
13
7
4
11
14
13
14
13
14
5
13
6
9
